0,0,0,0,
0,0,0,0,
0,0,0,0,
0,0,0,0,

D1bn,0,0,0,
F2bn,0,0,0,
0,0,B1bn,0,
B2bn,0,B1bn,0,

D1bn,0,0,0,
F2bn,0,0,0,
0,0,B1bn,0,
B2bn,0,B1bn,0,

D1bn,0,0,0,
F2bn,0,0,0,
0,0,B1bn,0,
B2bn,0,B1bn,0,

D1bn,0,0,0,
F2bn,0,0,0,
0,0,B1bn,0,
B2bn,0,B1bn,0,

D1bn,0,0,0,
F2bn,0,0,0,
0,0,B1bn,0,
B2bn,0,B1bn,0,

D1bn,0,0,0,
F2bn,0,0,0,
0,0,B1bn,0,
B2bn,0,B1bn,0,

D1bn,0,0,0,
F2bn,0,0,0,
0,0,B1bn,0,
B2bn,0,B1bn,0,

D1bn,0,0,0,
F2bn,0,0,0,
0,0,B1bn,0,
B2bn,0,B1bn,0,

D1bn,0,0,0,
D2bn,0,0,0,
0,0,B1bn,0,
B2bn,0,0,0,

D2en,0,0,0,
D3en,0,0,0,
0,0,B2en,0,
B3en,0,0,0,

D1an,0,0,0,
D2an,0,0,0,
0,0,B1an,0,
B2an,0,0,0,

D2dn,0,0,0,
D3dn,0,0,0,
D2cs,0,0,0,
B3cs,0,0,0,

D1bn,0,0,0,
D2bn,0,0,0,
0,0,B1bn,0,
B2bn,0,0,0,

D2en,0,0,0,
D3en,0,0,0,
0,0,B2en,0,
B3en,0,0,0,

D1an,0,0,0,
D2an,0,0,0,
0,0,B1an,0,
B2an,0,0,0,

D2dn,0,0,0,
D3dn,0,0,0,
D2cs,0,0,0,
B3cs,0,0,0,

D1bn,0,0,0,
D2bn,0,0,0,
0,0,B1bn,0,
B2bn,0,0,0,

D2en,0,0,0,
D3en,0,0,0,
0,0,B2en,0,
B3en,0,0,0,

D2dn,0,0,0,
D3dn,0,0,0,
0,0,B2dn,0,
B3dn,0,0,0,

D2en,0,0,0,
D3en,0,0,0,
0,0,B2en,0,
B3en,0,0,0,

D1bn,0,0,0,
D2bn,0,0,0,
H3dn,0,0,0,
0,0,0,0,

B2en,0,B2bn,0,
B3en,0,B3fs,0,
B3gs,0,B3bn,0,
D4en,0,0,0,

D1an,0,0,0,
D2an,0,0,0,
H3cs,0,0,0,
0,0,0,0,

D2dn,0,0,0,
D2an,0,0,0,
D2cs,0,0,0,
D2an,0,0,0,

D1bn,0,0,0,
D2bn,0,0,0,
H3dn,0,0,0,
0,0,0,0,

B2en,0,B2bn,0,
B3en,0,B3fs,0,
H3gs,0,0,0,
0,0,0,0,

D1an,0,0,0,
D2an,0,0,0,
H3cs,0,0,0,
0,0,0,0,

D2dn,0,0,0,
D2an,0,0,0,
D2cs,0,0,0,
D2an,0,0,0,

H1bn H2bn,0,0,0,
0,0,0,0,
H3dn H3fs H3bn,0,0,0,
0,0,0,0,

0,0,N2en,0,
B2bn,0,B3en,0,
B3fs,0,B3gs,0,
D3bn,0,0,0,

H1fs H2fs,0,0,0,
0,0,0,0,
H2fs H3fs,0,0,0,
0,0,0,0,

P2dn P3dn,0,0,0,
0,0,0,0,
0,0,0,0,
0,0,0,0,

D1an,0,0,0,
D2an,0,0,0,
D1an,0,0,0,
D2an,0,0,0,

D1gs,0,0,0,
D2gs,0,0,0,
D1gs,0,0,0,
D2gs,0,0,0,

D1fs,0,0,0,
D2fs,0,0,0,
D1fs,0,0,0,
D2fs,0,0,0,

P2dn L3dn,0,0,0,
0,0,0,0,
0,0,0,0,
D3dn,0,0,0,

D1an,0,0,0,
D2an,0,0,0,
D1an,0,0,0,
B2an,0,B2en,0,

D1gs,0,0,0,
D2gs,0,0,0,
D1gs,0,0,0,
B2gs,0,B2en,0,

D1fs,0,0,0,
D2fs,0,0,0,
D1fs,0,0,0,
D2fs,0,0,0,

P2dn L3dn,0,0,0,
0,0,0,0,
0,0,0,0,
D3dn,0,0,0,

B2an,0,B2an,0,
B2an,0,B2an,0,
D3an,0,0,0,
D2an,0,0,0,

B2gs,0,B2gs,0,
B2gs,0,B2gs,0,
D3gs,0,0,0,
D2gs,0,0,0,

B2fs,0,B2fs,0,
B2fs,0,B2fs,0,
D3fs,0,0,0,
D2fs,0,0,0,

H2dn H3dn,0,0,0,
0,0,0,0,
H2en H3en,0,0,0,
0,0,0,0,

B2an,0,B2an,0,
D3an,0,0,0,
D2an,0,0,0,
D3an,0,0,0,

B2gs,0,B2gs,0,
D3gs,0,0,0,
D2gs,0,0,0,
D3gs,0,0,0,

B2fs,0,B2fs,0,
D3fs,0,0,0,
D2fs,0,0,0,
D3fs,0,0,0,

L2dn L3dn,0,0,0,
0,0,0,0,
0,0,0,0,
D3en,0,0,0,