0,0,0,0,
0,0,0,0,
0,0,0,0,
0,0,Z5dn,Z5fs,

Z6cs,0,0,0,
0,0,0,0,
0,0,0,0,
0,0,0,0,

0,0,0,0,
0,0,0,0,
0,0,0,0,
0,0,0,0,

F4cs F5cs,0,0,0,
0,0,Z3an Z4an,0,
0,0,0,0,
0,0,0,0,

0,0,0,0,
0,0,0,0,
0,0,0,0,
0,0,0,0,

F4fs F4bn,0,0,0,
0,0,J3bn,0,
0,0,0,0,
0,0,0,0,

B4fs B4bn,0,D4fs D4bn,0,
0,0,J3bn,0,
0,0,0,0,
0,0,0,0,

F4fs F4bn,0,0,0,
0,0,F4cs F5cs,0,
0,0,0,0,
X3an X4an,0,0,0,

0,0,0,0,
0,0,0,0,
0,0,0,0,
0,0,0,0,

B4fs,0,B4fs,0,
B4dn,0,B3bn,0,
0,0,B3bn,0,
0,0,B4en,0,

0,0,B4en,0,
0,0,B4en,0,
B4gs,0,B4gs,0,
B4an,0,B4bn,0,

B4an,0,B4an,0,
B4an,0,B4en,0,
0,0,B4dn,0,
0,0,B4fs,0,

0,0,B4fs,0,
0,0,B4fs,0,
B4en,0,B4en,0,
B4fs,0,B4en,0,

B4fs,0,B4fs,0,
B4dn,0,B3bn,0,
0,0,B3bn,0,
0,0,B4en,0,

0,0,B4en,0,
0,0,B4en,0,
B4gs,0,B4gs,0,
B4an,0,B4bn,0,

B4an,0,B4an,0,
B4an,0,B4en,0,
0,0,B4dn,0,
0,0,B4fs,0,

0,0,B4fs,0,
0,0,B4fs,0,
B4en,0,B4en,0,
B4fs,0,B4en,0,

B4fs,0,B4fs,0,
B4dn,0,B3bn,0,
0,0,B3bn,0,
0,0,B4en,0,

0,0,B4en,0,
0,0,B4en,0,
B4gs,0,B4gs,0,
B4an,0,B4bn,0,

B4an,0,B4an,0,
B4an,0,B4en,0,
0,0,B4dn,0,
0,0,B4fs,0,

0,0,B4fs,0,
0,0,B4fs,0,
B4en,0,B4en,0,
D4en,0,0,0,

F4dn,0,0,0,
0,0,D4dn,0,
0,0,B4cs,0,
L3bn,0,0,0,

0,0,0,0,
0,0,0,0,
0,0,0,0,
0,0,0,0,

B4cs,0,D4cs,0,
0,0,D4cs,0,
0,0,F3an,0,
0,0,0,0,

0,0,D4fs,0,
0,0,B4fs,0,
D4fs,0,0,0,
D4en,0,0,0,

F4dn,0,0,0,
0,0,B4dn,0,
B4dn,0,D4cs,0,
0,0,J3bn,0,

0,0,0,0,
0,0,0,0,
0,0,0,0,
0,0,B3an,0,

D4cs,0,0,0,
B4dn,0,D4cs,0,
0,0,B3bn,0,
B3bn,0,D3an,0,

0,0,D3bn,0,
0,0,B4cs,0,
D3bn,0,0,0,
D3an,0,0,0,

0,0,0,0,
D4dn D5dn,0,0,0,
D4dn D5dn,0,0,0,
B4dn B5dn,0,R4en R4gs R4dn,0,

0,0,0,0,
0,0,0,0,
0,0,0,0,
0,0,0,0,

0,0,0,0,
B4an,0,B4an,0,
B4an,0,B4an,0,
B4an,0,B4an,0,

B4an,0,F4gs,0,
0,0,0,0,
B4gs,0,F4fs,0,
0,0,0,0,

P3an,0,0,0,
0,0,0,0,
0,0,0,0,
0,0,0,0,

P3gs P3bn P4gs,0,0,0,
0,0,0,0,
0,0,0,0,
0,0,0,0,

P3an P4cs P4an,0,0,0,
0,0,0,0,
0,0,0,0,
0,0,0,0,

P4en,0,B3an,0,
B4dn,0,B4fs,0,
B3an,0,B4dn,0,
0,0,0,0,

P3an,0,0,0,
0,0,0,0,
0,0,0,0,
0,0,0,0,

P3gs P3bn P4gs,0,0,0,
0,0,0,0,
0,0,0,0,
0,0,0,0,

P3an P4cs P4an,0,0,0,
0,0,0,0,
0,0,0,0,
0,0,0,0,

P4en,0,B3an,0,
B4dn,0,B4fs,0,
B3an,0,B4dn,0,
0,0,0,0,

P4cs P4en P5cs,0,0,0,
0,0,0,0,
0,0,0,0,
0,0,0,0,

L4gs L4bn L5en L5gs,0,0,0,
0,0,0,0,
0,0,0,0,
0,0,R4an R5cs R5fs R5an,0,

0,0,0,0,
0,0,0,0,
0,0,0,0,
0,0,0,0,

0,0,0,0,
B5cs B5cs,0,D5dn D6dn,0,
0,0,D4bn D5bn,0,
0,0,F4an F5an,0,

0,0,0,0,
L5en Z6en,0,0,0,
H6an,0,0,0,
0,0,0,0,

H5en H5bn,0,0,0,
0,0,0,0,
H5en H5bn,0,0,0,
0,0,0,0,

H5en H5an,0,0,0,
0,0,0,0,
H5en H5an,0,0,0,
0,0,0,0,

P5en P5an,0,0,0,
0,0,0,0,
0,0,0,0,
0,0,0,0,