2c5 2d51 2g5 2c6,0,2g41,0,
2g4,0,2g41,0,
2g4,0,2f4,0,
2g4,0,2f4,0,

2d41,0,2f4,0,
2d41,0,2d4,0,
2c4,0,2g41,0,
2g4,0,2g41,0,

2g4,0,2f4,0,
2g4,0,2f4,0,
2d41,0,2f4,0,
2d41,0,2d4,0,

2c4 2c5,0,2g41,0,
2g4,0,2g41,0,
2g4,0,2f4,0,
2g4,0,2f4,0,

2d41,0,2f4,0,
2d41,0,2d4,0,
2d41,0,2d4,0,
2c4,0,2d4,0,

2c4,0,2a31,0,
2c4,0,2a31,0,
2g31,0,2g3,0,
2f3,0,2d31,0,

4d3,0,0,0,
0,0,4f31,0,
0,0,0,0,
4g3,0,0,0,

0,0,4b3,0,
0,0,0,0,
2c5,0,2g41,0,
2g4,0,3g41,0,

0,0,2g4,0,
3f4,0,0,0,
3g41,0,0,0,
3g4,0,0,0,

2c5,0,2g4,0,
2b4,0,3c5,0,
0,0,2d5,0,
3d51,0,0,0,

3d5,0,0,0,
3b4,0,0,0,
2c5,0,2g41,0,
2c5,0,2d5,0,

2d51,0,2g5,0,
2c5,0,2g4,0,
2c5,0,2d5,0,
2d51,0,2g5,0,

2b4,0,2g4,0,
2b4,0,2c5,0,
2d5,0,2f5,0,
4g5,0,0,0,

0,0,4b4,0,
0,0,0,0,
2c4,0,2g31,0,
2g3,0,3g31,0,

0,0,2g3,0,
3f3,0,0,0,
3g31,0,0,0,
3g3,0,0,0,

2c4,0,2g3,0,
2b3,0,3c4,0,
0,0,2d4,0,
3d41,0,0,0,

3d4,0,0,0,
3b3,0,0,0,
2c5,0,2g41,0,
2c5,0,2d5,0,

2d51,0,2g5,0,
2c5,0,2g4,0,
2c5,0,2d5,0,
2d51,0,2g5,0,

2b4,0,2g4,0,
2b4,0,2c5,0,
2d5,0,2f5,0,
2c5,0,2g41,0,

2c5,0,2d5,0,
2d51,0,2g5,0,
2b4,0,2g4,0,
2b4,0,2c5,0,

2d5,0,2f5,0,
2g41,0,2f4,0,
2g41,0,2b4,0,
2c5,0,2f5,0,

2g4,0,2d41,0,
2g4,0,2b4,0,
2c5,0,2d51,0,
2f41,0,2d41,0,

2f41,0,2a4,0,
2c5,0,2d51,0,
2d5,0,2a4,0,
2d5,0,2f51,0,

2g5,0,2a5,0,
2g5,0,2g5,0,
2g5,0,1g51,1g5,
2g5,0,2g5,0,

1g51,1g5,2g5,0,
2g5,0,1g51,1g5,
2g5,0,2g5,0,
1g51,1g4,1g41,1c5,

1b4,1c5,1d5,1d51,
1f5,1g5,1g51,1b5,
2c5 2c6,0,2g41,0,
2g4,0,3g41,0,

0,0,3g4,0,
0,0,0,0,
0,0,0,0,
0,0,0,0,

2c5,0,2g41,0,
2g4,0,3g41,0,
0,0,3f41,0,
0,0,0,0,

0,0,0,0,
0,0,0,0,
2a4,0,2f4,0,
2e4,0,3f4,0,

0,0,3g41,0,
0,0,0,0,
0,0,0,0,
0,0,0,0,

2a4,0,2f4,0,
2e4,0,3f4,0,
0,0,3a41,0,
0,0,0,0,

0,0,0,0,
0,0,0,0,
2a41,0,2f41,0,
2e41,0,3f41,0,

0,0,3c5,0,
0,0,2f41,0,
2e41,0,3f41,0,
0,0,2c51,0,

2c51,0,2f41,0,
2e41,0,3f41,0,
0,0,3d51,0,
0,0,2f41,0,

2e41,0,3f41,0,
0,0,2f4 2f5,0,
4f4 4f5,0,0,0,
0,0,4f41 4f51,0,

0,0,0,0,
4g41 4g51,0,0,0,
0,0,4f41 4f51,0,
0,0,0,0,

4f31 4f41,0,0,0,
0,0,4g3 4g4,0,
0,0,0,0,
4a3 4a4,0,0,0,

0,0,4g3 4g4,0,
0,0,0,0,
4f4 4f5,0,0,0,
0,0,4f41 4f51,0,

0,0,0,0,
4g41 4g51,0,0,0,
0,0,4f41 4f51,0,
0,0,0,0,

4f41 4f51,0,0,0,
0,0,4g4 4g5,0,
0,0,0,0,
4a4 4a5,0,0,0,

0,0,4a41 4a51,0,
0,0,0,0,
2a51,0,2e5,0,
2d51,0,3e5,0,

0,0,2d51,0,
3b5,0,0,0,
3d51,0,0,0,
3a41,0,0,0,

2a41,0,2e4,0,
2d41,0,3e4,0,
0,0,2d41,0,
3b4,0,0,0,

3d41,0,0,0,
3c41,0,0,0,
2d61,0,2a5,0,
2g51,0,3a5,0,

0,0,2g51,0,
3e5,0,0,0,
3g51,0,0,0,
3d51,0,0,0,

2d51,0,2a4,0,
2g41,0,3a4,0,
0,0,2g41,0,
3e4,0,0,0,

3g41,0,0,0,
3f41,0,0,0,
2g51,0,2d5,0,
2c51,0,3d5,0,

0,0,2c51,0,
3g41,0,0,0,
3c51,0,0,0,
3g4,0,0,0,

2g41,0,2d4,0,
2c41,0,3d4,0,
0,0,2c41,0,
3g31,0,0,0,

3c41,0,0,0,
3g3,0,0,0,
4g51 4d6,0,0,0,
0,0,4g51 4d6,0,

0,0,0,0,
4g51 4d6,0,0,0,
0,0,4g51 4d6,0,
0,0,0,0,

4g51 4d6,0,0,0,
0,0,4g51 4f6,0,
0,0,0,0,
4g51,0,0,0,

0,0,4b5,0,
0,0,0,0,
4g51 4d6,0,0,0,
0,0,2c5 2d51 2g5 2c6,0,

2g41,0,2g4,0,
2g41,0,2g4,0,
2f4,0,2g4,0,
2f4,0,2d41,0,

2f4,0,2d41,0,
2d4,0,2c4,0,
2g41,0,2g4,0,
2g41,0,2g4,0,

2f4,0,2g4,0,
2f4,0,2d41,0,
2f4,0,2d41,0,
2d4,0,2c4 2c5,0,

2g41,0,2g4,0,
2g41,0,2g4,0,
2f4,0,2g4,0,
2f4,0,2d41,0,

2f4,0,2d41,0,
2d4,0,2d41,0,
2d4,0,2c4,0,
2d4,0,2c4,0,

2a31,0,2c4,0,
2a31,0,2g31,0,
2g3,0,2f3,0,
2d31,0,4d3,0,

0,0,0,0,
4f31,0,0,0,
0,0,4g3,0,
0,0,0,0,

4b3,0,0,0,
0,0,2c5 2d51 2g5 2c6,0,
0,0,0,0,
0,0,0,0,

0,0,0,0,
0,0,0,0,
0,0,0,0,
0,0,0,0,

0,0,0,0,
0,0,0,0,
0,0,0,0,
0,0,0,0