4f1,0,0,0,
0,0,2c2,0,
1b2,1c2,1a21,1c2,
2a21,0,2c2,0,

3g11,0,0,0,
4f1,0,0,0,
0,0,2f1,0,
2g11,0,2c2,0,

3c21,0,0,0,
3g11,0,0,0,
3c21,0,0,0,
3d21,0,0,0,

2c2,0,2c21,0,
2c2,0,2c21,0,
3c2,0,0,0,
3e2 3g2 3c2,0,0,0,

4f1,0,0,0,
0,0,2c2,0,
1b2,1c2,1a21,1c2,
2a21,0,2c2,0,

3g11,0,0,0,
4f1,0,0,0,
0,0,2f1,0,
2g11,0,2c2,0,

3c21,0,0,0,
3g11,0,0,0,
3c21,0,0,0,
3d21,0,0,0,

2c2,0,2c21,0,
2c2,0,2c21,0,
3c2,0,0,0,
3e2 3g2 3c2,0,0,0,

4f1,0,0,0,
0,0,2c2,0,
1b2,1c2,1a21,1c2,
2a21,0,2c2,0,

3g11,0,0,0,
4f1,0,0,0,
0,0,2f1,0,
2g11,0,2c2,0,

3c21,0,0,0,
3g11,0,0,0,
3c21,0,0,0,
3d21,0,0,0,

2c2,0,2c21,0,
2c2,0,2c21,0,
5c2,0,0,0,
0,0,0,0,

3e11,0,0,0,
3a2,0,0,0,
3c2,0,0,0,
3a2,0,0,0,

3e11,0,0,0,
3a2,0,0,0,
2d2,0,2c2,0,
3a2,0,0,0,

2g1,0,2g11,0,
2g1,0,2f1,0,
2g1,0,2g11,0,
2g1,0,2f1,0,

3g11,0,0,3f1,
0,0,4c2,0,
0,0,0,0,
0,0,2c2,0,

2c21,0,2c21,0,
2c21,0,2c21,0,
3c21,0,0,0,
3d21,0,0,0,

3c2,0,0,3c21,
0,0,4c2,0,
0,0,0,0,
0,0,3g1,0,

0,0,2g11,0,
2g1,0,2f1,0,
2g1,0,2g11,0,
2g1,0,2f1,0,

3g11,0,0,3f1,
0,0,4c2,0,
0,0,0,0,
0,0,2c2,0,

2c21,0,2c21,0,
2c21,0,2c21,0,
2c2,0,2c21,0,
2d21,0,2c21,0,

3c2,0,0,3c21,
0,0,6c2,0,
0,0,0,0,
0,0,0,0,

0,0,0,0,
0,0,0,0,
0,0,0,0,
0,0,2f1,0,

2a21,0,2a21,0,
2g21,0,5a21,0,
0,0,0,0,
0,0,2a21,0,

3c2,0,0,3c2,
0,0,4c2,0,
0,0,0,0,
0,0,2c2,0,

2c21,0,2c21,0,
2c21,0,2c21,0,
3c21,0,0,0,
3c21,0,0,0,

6d21 6f11 6a21,0,0,0,
0,0,0,0,
0,0,0,0,
3d11 3e1 3f11 3g11 3a21 3b2 3c21 3d21 3e2 3f21,0,0,0,

0,0,0,0,
0,0,0,0,
0,0,0,0,
0,0,0,0,

0,0,0,0,
3g11,0,0,0,
3g1,0,0,0,
3f11,0,0,0,

4f1,0,0,0,
0,0,2c2,0,
1b2,1c2,1a21,1c2,
2a21,0,2c2,0,

3g11,0,0,0,
4f1,0,0,0,
0,0,2f1,0,
2g11,0,2c2,0,

3c21,0,0,0,
3g11,0,0,0,
3c21,0,0,0,
3d21,0,0,0,

2c2,0,2c21,0,
2c2,0,2c21,0,
3c2,0,0,0,
3e2 3g2 3c2,0,0,0,

4f1,0,0,0,
0,0,2c2,0,
1b2,1c2,1a21,1c2,
2a21,0,2c2,0,

3g11,0,0,0,
4f1,0,0,0,
0,0,2f1,0,
2g11,0,2c2,0,

3c21,0,0,0,
3g11,0,0,0,
3c21,0,0,0,
3d21,0,0,0,

2c2,0,2c21,0,
2c2,0,2c21,0,
5c2,0,0,0,
0,0,0,0,


2a1,0,2b1,0,
2b1,0,2c1,0,
2d1,0,2d1,0,
2e1,0,2e1,0,

4f1,0,0,0,
0,0,2c2,0,
1b2,1c2,1a21,1c2,
2a21,0,2c2,0,

3g11,0,0,0,
4f1,0,0,0,
0,0,2f1,0,
2g11,0,2c2,0,

3c21,0,0,0,
3g11,0,0,0,
3c21,0,0,0,
3d21,0,0,0,

2c2,0,2c21,0,
2c2,0,2c21,0,
5c2,0,0,0,
0,0,0,0,

0,0,0,0,
0,0,0,0,
0,0,0,0,
0,0,2g1,0,

2g11,0,2g1,0,
2f1,0,5g11,0,
0,0,0,0,
0,0,2f1,0,

3g11,0,0,3f1,
0,0,6c1,0,
0,0,0,0,
0,0,0,0,

2c21,0,2c21,0,
2c21,0,5c21,0,
0,0,0,0,
0,0,2c21,0,

2c2,0,2c2,0,
2c2,0,5c2,0,
0,0,0,0,
0,0,2c2,0,

7c2 7c1,0,0,0,
0,0,0,0,
0,0,0,0,
0,0,0,0,

7c2 7c1,0,0,0,
0,0,0,0,
0,0,0,0,
0,0,0,0,

7c2 7c1,0,0,0,
0,0,0,0,
0,0,0,0,
0,0,0,0,

6c2 6c1,0,0,0,
0,0,0,0,
0,0,0,0,
3g1,0,0,0,

4g11,0,0,0,
0,0,2g1,0,
5g11,0,0,0,
0,0,0,0,

3g11,0,0,0,
2f1,0,5c2,0,
0,0,0,0,
0,0,2c2,0,

2c21,0,3g11,0,
0,0,3c21,0,
0,0,2c21,0,
2d21,0,2c21,0,

3c2,0,0,3c21,
0,0,6c2,0,
0,0,0,0,
0,0,0,0,

7c2,0,0,0,
0,0,0,0,
0,0,0,0,
0,0,0,0,

0,0,0,0,
3g11,0,0,0,
3g1,0,0,0,
3f11,0,0,0,

4f1,0,0,0,
0,0,2c2,0,
1b2,1c2,1a21,1c2,
2a21,0,2c2,0,

3g11,0,0,0,
4f1,0,0,0,
0,0,2f1,0,
2g11,0,2c2,0,

3c21,0,0,0,
3g11,0,0,0,
3c21,0,0,0,
3d21,0,0,0,

2c2,0,2c21,0,
2c2,0,2c21,0,
3c2,0,0,0,
3e2 3g2 3c2,0,0,0,

4f1,0,0,0,
0,0,2c2,0,
1b2,1c2,1a21,1c2,
2a21,0,2c2,0,

3g11,0,0,0,
4f1,0,0,0,
0,0,2f1,0,
2g11,0,2c2,0,

3c21,0,0,0,
3g11,0,0,0,
3c21,0,0,0,
3d21,0,0,0,

7c2,0,0,0,
0,0,0,0,
0,0,0,0,
0,0,0,0,

4f1,0,0,0,
0,0,2c2,0,
1b2,1c2,1a21,1c2,
2a21,0,2c2,0,

3g11,0,0,0,
4f1,0,0,0,
0,0,2f1,0,
2g11,0,2c2,0,

3c21,0,0,0,
3g11,0,0,0,
3c21,0,0,0,
3d21,0,0,0,

2c2,0,2c21,0,
2c2,0,2c21,0,
3c2,0,0,0,
3e2 3g2 3c2,0,0,0,

4f1,0,0,0,
0,0,2c2,0,
1b2,1c2,1a21,1c2,
2a21,0,2c2,0,

3g11,0,0,0,
4f1,0,0,0,
0,0,2f1,0,
2g11,0,2c2,0,

3c21,0,0,0,
3g11,0,0,0,
3c21,0,0,0,
3d21,0,0,0,

3c2,0,0,0,
3c2,0,0,0,
3c2 3e2 3g2,0,0,0,
3c2 3d21 3g2,0,0,0,

4f1,0,0,0,
0,0,2c21,0,
1b2,1c21,1b2,1c21,
2b2,0,2c21,0,

3a2,0,0,0,
4f1,0,0,0,
0,0,0,0,
2a2,0,2c21,0,

3d2,0,0,0,
3a2,0,0,0,
3d2,0,0,0,
3e2,0,0,0,

2c21,0,2d2,0,
2c21,0,2d2,0,
3c21,0,0,0,
3e2 3g2 3c2,0,0,0,

4f1,0,0,0,
0,0,2c21,0,
1b2,1c21,1b2,1c21,
2b2,0,2c21,0,

3a2,0,0,0,
4f1,0,0,0,
0,0,0,0,
2a2,0,2c21,0,

3d2,0,0,0,
3a2,0,0,0,
3d2,0,0,0,
3e2,0,0,0,

2c21,0,2d2,0,
2c21,0,2d2,0,
5c21,0,0,0,
0,0,0,0,

4f1,0,0,0,
0,0,2c21,0,
1b2,1c21,1b2,1c21,
2b2,0,2c21,0,

3a2,0,0,0,
4f1,0,0,0,
0,0,0,0,
2a2,0,2c21,0,

3d2,0,0,0,
3a2,0,0,0,
3d2,0,0,0,
3e2,0,0,0,

2c21,0,2d2,0,
2c21,0,2d2,0,
3c21,0,0,0,
3e2 3g2 3c2,0,0,0,

4f1,0,0,0,
0,0,2c21,0,
1b2,1c21,1b2,1c21,
2b2,0,2c21,0,

3a2,0,0,0,
3f1,0,0,0,
0,0,2f1,0,
2a2,0,2c21,0,

3d2,0,0,0,
3a2,0,0,0,
3d2,0,0,0,
3e2,0,0,0,

2c21,0,2d2,0,
2c21,0,2d2,0,
5c21,0,0,0,
0,0,0,0,

2c21,0,2d2,0,
2c21,0,2d2,0,
5c21,0,0,0,
0,0,0,0,

2c21,0,2d2,0,
2c21,0,2d2,0,
3c21,0,0,0,
3c21 3f2,0,0,0,

7f1 7c21 7f21,0,0,0,
0,0,0,0,
0,0,0,0,
0,0,0,0,

0,0,0,0,
0,0,0,0,
0,0,0,0,
0,0,0,0,

0,0,0,0,
0,0,0,0,
0,0,0,0,
0,0,0,0
