0,0,0,0,
0,0,0,0,
0,0,0,0,
0,0,Z5qn,Z5ss,
Z6cs,0,0,0,
0,0,0,0,
0,0,0,0,
0,0,0,0,
0,0,0,0,
0,0,0,0,
0,0,0,0,
0,0,0,0,
F4csF5cs,0,0,0,
0,0,Z3anZ4an,0,
0,0,0,0,
0,0,0,0,
0,0,0,0,
0,0,0,0,
0,0,0,0,
0,0,0,0,
F4ssF4bn,0,0,0,
0,0,J3bn,0,
0,0,0,0,
0,0,0,0,
B4ssB4bn,0,D4ssD4bn,0,
0,0,J3bn,0,
0,0,0,0,
0,0,0,0,
F4ssF4bn,0,0,0,
0,0,F4csF5cs,0,
0,0,0,0,
X3anX4an,0,0,0,
0,0,0,0,
0,0,0,0,
0,0,0,0,
0,0,0,0,
B4ss,0,B4ss,0,
B4qn,0,B3bn,0,
0,0,B3bn,0,
0,0,B4rn,0,
0,0,B4rn,0,
0,0,B4rn,0,
B4gs,0,B4gs,0,
B4an,0,B4bn,0,
B4an,0,B4an,0,
B4an,0,B4rn,0,
0,0,B4qn,0,
0,0,B4ss,0,
0,0,B4ss,0,
0,0,B4ss,0,
B4rn,0,B4rn,0,
B4ss,0,B4rn,0,
B4ss,0,B4ss,0,
B4qn,0,B3bn,0,
0,0,B3bn,0,
0,0,B4rn,0,
0,0,B4rn,0,
0,0,B4rn,0,
B4gs,0,B4gs,0,
B4an,0,B4bn,0,
B4an,0,B4an,0,
B4an,0,B4rn,0,
0,0,B4qn,0,
0,0,B4ss,0,
0,0,B4ss,0,
0,0,B4ss,0,
B4rn,0,B4rn,0,
B4ss,0,B4rn,0,
B4ss,0,B4ss,0,
B4qn,0,B3bn,0,
0,0,B3bn,0,
0,0,B4rn,0,
0,0,B4rn,0,
0,0,B4rn,0,
B4gs,0,B4gs,0,
B4an,0,B4bn,0,
B4an,0,B4an,0,
B4an,0,B4rn,0,
0,0,B4qn,0,
0,0,B4ss,0,
0,0,B4ss,0,
0,0,B4ss,0,
B4rn,0,B4rn,0,
D4rn,0,0,0,
F4qn,0,0,0,
0,0,D4qn,0,
0,0,B4cs,0,
L3bn,0,0,0,
0,0,0,0,
0,0,0,0,
0,0,0,0,
0,0,0,0,
B4cs,0,D4cs,0,
0,0,D4cs,0,
0,0,F3an,0,
0,0,0,0,
0,0,D4ss,0,
0,0,B4ss,0,
D4ss,0,0,0,
D4rn,0,0,0,
F4qn,0,0,0,
0,0,B4qn,0,
B4qn,0,D4cs,0,
0,0,J3bn,0,
0,0,0,0,
0,0,0,0,
0,0,0,0,
0,0,B3an,0,
D4cs,0,0,0,
B4qn,0,D4cs,0,
0,0,B3bn,0,
B3bn,0,D3an,0,
0,0,D3bn,0,
0,0,B4cs,0,
D3bn,0,0,0,
D3an,0,0,0,
0,0,0,0,
D4qnD5qn,0,0,0,
D4qnD5qn,0,0,0,
B4qnB5qn,0,R4rnR4gsR4qn,0,
0,0,0,0,
0,0,0,0,
0,0,0,0,
0,0,0,0,
0,0,0,0,
B4an,0,B4an,0,
B4an,0,B4an,0,
B4an,0,B4an,0,
B4an,0,F4gs,0,
0,0,0,0,
B4gs,0,F4ss,0,
0,0,0,0,
P3an,0,0,0,
0,0,0,0,
0,0,0,0,
0,0,0,0,
P3gsP3bnP4gs,0,0,0,
0,0,0,0,
0,0,0,0,
0,0,0,0,
P3anP4csP4an,0,0,0,
0,0,0,0,
0,0,0,0,
0,0,0,0,
P4rn,0,B3an,0,
B4qn,0,B4ss,0,
B3an,0,B4qn,0,
0,0,0,0,
P3an,0,0,0,
0,0,0,0,
0,0,0,0,
0,0,0,0,
P3gsP3bnP4gs,0,0,0,
0,0,0,0,
0,0,0,0,
0,0,0,0,
P3anP4csP4an,0,0,0,
0,0,0,0,
0,0,0,0,
0,0,0,0,
P4rn,0,B3an,0,
B4qn,0,B4ss,0,
B3an,0,B4qn,0,
0,0,0,0,
P4csP4rnP5cs,0,0,0,
0,0,0,0,
0,0,0,0,
0,0,0,0,
L4gsL4bnL5rnL5gs,0,0,0,
0,0,0,0,
0,0,0,0,
0,0,R4anR5csR5ssR5an,0,
0,0,0,0,
0,0,0,0,
0,0,0,0,
0,0,0,0,
0,0,0,0,
B5csB5cs,0,D5qnD6qn,0,
0,0,D4bnD5bn,0,
0,0,F4anF5an,0,
0,0,0,0,
L5rnZ6rn,0,0,0,
H6an,0,0,0,
0,0,0,0,
H5rnH5bn,0,0,0,
0,0,0,0,
H5rnH5bn,0,0,0,
0,0,0,0,
H5rnH5an,0,0,0,
0,0,0,0,
H5rnH5an,0,0,0,
0,0,0,0,
P5rnP5an,0,0,0,
0,0,0,0,
0,0,0,0,
0,0,0,0