24dn25dn,0,24an,0,
25cs,0,25dn,0,
25en,0,24an,0,
25dn,0,25en,0,
25fn,0,24an,0,
25dn,0,25fn,0,
25en,0,24an,0,
24bn,0,25cs,0,
25dn,0,24an,0,
25cs,0,25dn,0,
25en,0,24an,0,
25dn,0,25en,0,
44gn45gn,0,0,0,
44fs45fs,0,0,0,
44fn45fn,0,0,0,
44en45en,0,0,0,
25dn,0,24an,0,
25cs,0,25dn,0,
25en,0,24an,0,
25dn,0,25en,0,
25fn,0,24an,0,
25dn,0,25fn,0,
25en,0,24an,0,
24bn,0,25cs,0,
25dn,0,24an,0,
25cs,0,25dn,0,
25en,0,24an,0,
25dn,0,25en,0,
44gn45gn,0,0,0,
44fs45fs,0,0,0,
44fn45fn,0,0,0,
44en45en,0,0,0,
25dn,0,24an,0,
25cs,0,25dn,0,
25dn,0,24an,0,
25cs,0,25dn,0,
25dn,0,24an,0,
25cs,0,25dn,0,
25dn,0,24an,0,
25cs,0,25dn,0,
84dn85dn,0,0,0,
0,0,0,0,
44cs45cs,0,0,0,
44dn45dn,0,0,0,
84en85en,0,0,0,
0,0,0,0,
44dn45dn,0,0,0,
44en45en,0,0,0,
164gs,0,0,0,
0,0,0,0,
0,0,0,0,
0,0,0,0,
164bn165dn165fn,0,0,0,
0,0,0,0,
0,0,0,0,
0,0,164an165cs165en,0,
0,0,0,0,
84dn85dn,0,0,0,
0,0,0,0,
44cs45cs,0,0,0,
44dn45dn,0,0,0,
84en85en,0,0,0,
0,0,0,0,
44dn45dn,0,0,0,
44en45en,0,0,0,
84as85cs85en85gn,0,0,0,
0,0,0,0,
84an85cn85ds85fs,0,0,0,
0,0,0,0,
164gs,0,0,0,
0,0,0,0,
0,0,0,0,
0,0,0,0,
164bn165dn165fn,0,0,0,
0,0,0,0,
0,0,0,0,
0,0,0,84an85cn85en85an,
0,0,0,0,
0,0,0,44gs45cn45en45gs,
0,0,0,44an45cn45en45an,
0,0,0,84bn85en85gs85bn,
0,0,0,0,
0,0,0,45cn45en45an,
0,0,0,44bn45en45gs45bn,
0,0,0,165cn165ds165an166cn,
0,0,0,0,
0,0,0,0,
0,0,0,164bn165en,
0,0,0,0,
0,0,0,0,
0,0,0,0,
0,0,0,165gs,
0,0,0,0,
0,0,0,0,
0,0,0,0,
0,0,0,165bn,
0,0,0,0,
0,0,0,0,
0,0,84an85cn85en85an,0,
0,0,0,0,
0,0,44gs45cn45en45gs,0,
0,0,44an45cn45en45an,0,
0,0,84bn85en85gs85bn,0,
0,0,0,0,
0,0,45cn45en45an,0,
0,0,44bn45en45gs45bn,0,
0,0,85fn85gs85bn86dn,0,
0,0,0,0,
0,0,85en85gn85as86cs,0,
0,0,0,0,
0,0,165ds,0,
0,0,0,0,
0,0,0,0,
0,0,0,0,
0,0,165fs165an166cn,0,
0,0,0,0,
0,0,0,0,
0,0,0,0,
84gn84as85cs85en,0,0,0,
0,0,0,0,
84fs84an85cn85ds,0,0,0,
0,0,0,0,
164fn164gs,0,0,0,
0,0,0,0,
0,0,0,0,
0,0,0,0,
164bn,0,0,0,
0,0,0,0,
0,0,0,0,
0,0,0,0,
165dn,0,0,0,
0,0,0,0,
0,0,0,0,
0,0,84an85cn85ds85fs,0,
0,0,0,0,
0,0,44gs44bn45dn45fn,0,
0,0,44gn44as45cs45en,0,
0,0,84bn85dn85fn85gs,0,
0,0,0,0,
0,0,44as45cs45en45gn,0,
0,0,44an45cn45ds45fs,0,
0,0,164as,0,
0,0,0,0,
0,0,0,0,
0,0,0,0,
0,0,165cs165fn165as,0,
0,0,0,0,
0,0,0,0,
0,0,0,0,
84as85cs85fn,0,0,0,
0,0,0,0,
84fn84as85cs,0,0,0,
0,0,0,0,
164fs,0,0,0,
0,0,0,0,
0,0,0,0,
0,0,0,0,
164as,0,0,0,
0,0,0,0,
0,0,0,0,
0,0,0,0,
165cs165fs,0,0,0,
0,0,0,0,
0,0,0,0,
0,0,0,0,
0,0,0,0,
0,0,0,0,
0,0,0,0,
0,0,0,0,
164as,0,0,0,
0,0,0,0,
0,0,0,0,
0,0,0,0,
165cs165fn165as,0,0,0,
0,0,0,0,
0,0,0,0,
0,0,84as85cs85fn,0,
0,0,0,0,
0,0,84fs84as85cs,0,
0,0,0,0,
0,0,164fn164an165cs,0,
0,0,0,0,
0,0,0,0,
0,0,0,0,
164en164gn,0,0,0,
0,0,0,0,
0,0,0,0,
0,0,0,0,
164an,0,0,0,
0,0,0,0,
0,0,0,0,
0,0,0,0,
165cs,0,0,0,
0,0,0,0,
0,0,0,0,
0,0,24dn25dn,0,
24an,0,25cs,0,
25dn,0,25en,0,
24an,0,25dn,0,
25en,0,25fn,0,
24an,0,25dn,0,
25fn,0,25en,0,
24an,0,24bn,0,
25cs,0,25dn,0,
24an,0,25cs,0,
25dn,0,25en,0,
24an,0,25dn,0,
25en,0,44gn45gn,0,
0,0,44fs45fs,0,
0,0,44fn45fn,0,
0,0,44en45en,0,
0,0,25dn,0,
24an,0,25cs,0,
25dn,0,25en,0,
24an,0,25dn,0,
25en,0,25fn,0,
24an,0,25dn,0,
25fn,0,25en,0,
24an,0,24bn,0,
25cs,0,25dn,0,
24an,0,25cs,0,
25dn,0,25en,0,
24an,0,25dn,0,
25en,0,44gn45gn,0,
0,0,44fs45fs,0,
0,0,44fn45fn,0,
0,0,44en45en,0,
0,0,25dn,0,
24an,0,25cs,0,
25dn,0,25dn,0,
24an,0,25cs,0,
25dn,0,25dn,0,
24an,0,25cs,0,
25dn,0,25dn,0,
24an,0,25cs,0,
25dn,0,84dn85dn,0,
0,0,0,0,
0,0,44cs45cs,0,
0,0,44dn45dn,0,
0,0,84en85en,0,
0,0,0,0,
0,0,44dn45dn,0,
0,0,44en45en,0,
0,0,164gs,0,
0,0,0,0,
0,0,0,0,
0,0,0,0,
0,0,164bn165dn165fn,0,
0,0,0,0,
0,0,0,0,
0,0,0,0,
164an165cs165en,0,0,0,
0,0,84dn85dn,0,
0,0,0,0,
0,0,44cs45cs,0,
0,0,44dn45dn,0,
0,0,84en85en,0,
0,0,0,0,
0,0,44dn45dn,0,
0,0,44en45en,0,
0,0,84as85cs85en85gn,0,
0,0,0,0,
0,0,84an85cn85ds85fs,0,
0,0,0,0,
0,0,164gs,0,
0,0,0,0,
0,0,0,0,
0,0,0,0,
0,0,164bn165dn165fn,0,
0,0,0,0,
0,0,0,0,
0,0,0,0,
0,84an85cn85en85an,0,0,
0,0,0,0,
0,44gs45cn45en45gs,0,0,
0,44an45cn45en45an,0,0,
0,84bn85en85gs85bn,0,0,
0,0,0,0,
0,45cn45en45an,0,0,
0,44bn45en45gs45bn,0,0,
0,165cn165ds165an166cn,0,0,
0,0,0,0,
0,0,0,0,
0,164bn165en,0,0,
0,0,0,0,
0,0,0,0,
0,0,0,0,
0,165gs,0,0,
0,0,0,0,
0,0,0,0,
0,0,0,0,
0,165bn,0,0,
0,0,0,0,
0,0,0,0,
84an85cn85en85an,0,0,0,
0,0,0,0,
44gs45cn45en45gs,0,0,0,
44an45cn45en45an,0,0,0,
84bn85en85gs85bn,0,0,0,
0,0,0,0,
45cn45en45an,0,0,0,
44bn45en45gs45bn,0,0,0,
85fn85gs85bn86dn,0,0,0,
0,0,0,0,
85en85gn85as86cs,0,0,0,
0,0,0,0,
165ds,0,0,0,
0,0,0,0,
0,0,0,0,
0,0,0,0,
165fs165an166cn,0,0,0,
0,0,0,0,
0,0,0,0,
0,0,84gn84as85cs85en,0,
0,0,0,0,
0,0,84fs84an85cn85ds,0,
0,0,0,0,
0,0,164fn164gs,0,
0,0,0,0,
0,0,0,0,
0,0,0,0,
0,0,164bn,0,
0,0,0,0,
0,0,0,0,
0,0,0,0,
0,0,165dn,0,
0,0,0,0,
0,0,0,0,
0,0,0,0,
84an85cn85ds85fs,0,0,0,
0,0,0,0,
44gs44bn45dn45fn,0,0,0,
44gn44as45cs45en,0,0,0,
84bn85dn85fn85gs,0,0,0,
0,0,0,0,
44as45cs45en45gn,0,0,0,
44an45cn45ds45fs,0,0,0,
164as,0,0,0,
0,0,0,0,
0,0,0,0,
0,0,0,0,
165cs165fn165as,0,0,0,
0,0,0,0,
0,0,0,0,
0,0,84as85cs85fn,0,
0,0,0,0,
0,0,84fn84as85cs,0,
0,0,0,0,
0,0,164fs,0,
0,0,0,0,
0,0,0,0,
0,0,0,0,
0,0,164as,0,
0,0,0,0,
0,0,0,0,
0,0,0,0,
0,0,165cs165fs,0,
0,0,0,0,
0,0,0,0,
0,0,0,0,
0,0,0,0,
0,0,0,0,
0,0,0,0,
0,0,0,0,
0,0,164as,0,
0,0,0,0,
0,0,0,0,
0,0,0,0,
0,0,165cs165fn165as,0,
0,0,0,0,
0,0,0,0,
0,0,0,0,
84as85cs85fn,0,0,0,
0,0,0,0,
84fs84as85cs,0,0,0,
0,0,0,0,
164fn164an165cs,0,0,0,
0,0,0,0,
0,0,0,0,
0,0,164en164gn,0,
0,0,0,0,
0,0,0,0,
0,0,0,0,
0,0,164an,0,
0,0,0,0,
0,0,0,0,
0,0,0,0,
0,0,165cs,0,
0,0,0,0,
0,0,0,0,
0,0,0,0,
45dn45fn45an46dn,0,0,0,
0,0,0,0,
0,0,0,0,
0,0,0,0,
0,0,0,0,
0,0,0,0,
0,0,0,0,
0,0,0,0,
0,0,0,0