0,0,0,0,
0,0,0,0,
0,0,0,0,
0,0,0,0,
D1en,0,0,0,
F2en,0,0,0,
0,0,B1en,0,
B2en,0,B1en,0,
D1en,0,0,0,
F2en,0,0,0,
0,0,B1en,0,
B2en,0,B1en,0,
D1en,0,0,0,
F2en,0,0,0,
0,0,B1en,0,
B2en,0,B1en,0,
D1en,0,0,0,
F2en,0,0,0,
0,0,B1en,0,
B2en,0,B1en,0,
D1en,0,0,0,
F2en,0,0,0,
0,0,B1en,0,
B2en,0,B1en,0,
D1en,0,0,0,
F2en,0,0,0,
0,0,B1en,0,
B2en,0,B1en,0,
D1en,0,0,0,
F2en,0,0,0,
0,0,B1en,0,
B2en,0,B1en,0,
D1en,0,0,0,
F2en,0,0,0,
0,0,B1en,0,
B2en,0,B1en,0,
D1en,0,0,0,
D2en,0,0,0,
0,0,B1en,0,
B2en,0,0,0,
D2un,0,0,0,
D3un,0,0,0,
0,0,B2un,0,
B3un,0,0,0,
D1dn,0,0,0,
D2dn,0,0,0,
0,0,B1dn,0,
B2dn,0,0,0,
D2tn,0,0,0,
D3tn,0,0,0,
D2fs,0,0,0,
B3fs,0,0,0,
D1en,0,0,0,
D2en,0,0,0,
0,0,B1en,0,
B2en,0,0,0,
D2un,0,0,0,
D3un,0,0,0,
0,0,B2un,0,
B3un,0,0,0,
D1dn,0,0,0,
D2dn,0,0,0,
0,0,B1dn,0,
B2dn,0,0,0,
D2tn,0,0,0,
D3tn,0,0,0,
D2fs,0,0,0,
B3fs,0,0,0,
D1en,0,0,0,
D2en,0,0,0,
0,0,B1en,0,
B2en,0,0,0,
D2un,0,0,0,
D3un,0,0,0,
0,0,B2un,0,
B3un,0,0,0,
D2tn,0,0,0,
D3tn,0,0,0,
0,0,B2tn,0,
B3tn,0,0,0,
D2un,0,0,0,
D3un,0,0,0,
0,0,B2un,0,
B3un,0,0,0,
D1en,0,0,0,
D2en,0,0,0,
H3tn,0,0,0,
0,0,0,0,
B2un,0,B2en,0,
B3un,0,B3vs,0,
B3gs,0,B3en,0,
D4un,0,0,0,
D1dn,0,0,0,
D2dn,0,0,0,
H3fs,0,0,0,
0,0,0,0,
D2tn,0,0,0,
D2dn,0,0,0,
D2fs,0,0,0,
D2dn,0,0,0,
D1en,0,0,0,
D2en,0,0,0,
H3tn,0,0,0,
0,0,0,0,
B2un,0,B2en,0,
B3un,0,B3vs,0,
H3gs,0,0,0,
0,0,0,0,
D1dn,0,0,0,
D2dn,0,0,0,
H3fs,0,0,0,
0,0,0,0,
D2tn,0,0,0,
D2dn,0,0,0,
D2fs,0,0,0,
D2dn,0,0,0,
H1enH2en,0,0,0,
0,0,0,0,
H3tnH3vsH3en,0,0,0,
0,0,0,0,
0,0,N2un,0,
B2en,0,B3un,0,
B3vs,0,B3gs,0,
D3en,0,0,0,
H1vsH2vs,0,0,0,
0,0,0,0,
H2vsH3vs,0,0,0,
0,0,0,0,
P2tnP3tn,0,0,0,
0,0,0,0,
0,0,0,0,
0,0,0,0,
D1dn,0,0,0,
D2dn,0,0,0,
D1dn,0,0,0,
D2dn,0,0,0,
D1gs,0,0,0,
D2gs,0,0,0,
D1gs,0,0,0,
D2gs,0,0,0,
D1vs,0,0,0,
D2vs,0,0,0,
D1vs,0,0,0,
D2vs,0,0,0,
P2tnL3tn,0,0,0,
0,0,0,0,
0,0,0,0,
D3tn,0,0,0,
D1dn,0,0,0,
D2dn,0,0,0,
D1dn,0,0,0,
B2dn,0,B2un,0,
D1gs,0,0,0,
D2gs,0,0,0,
D1gs,0,0,0,
B2gs,0,B2un,0,
D1vs,0,0,0,
D2vs,0,0,0,
D1vs,0,0,0,
D2vs,0,0,0,
P2tnL3tn,0,0,0,
0,0,0,0,
0,0,0,0,
D3tn,0,0,0,
B2dn,0,B2dn,0,
B2dn,0,B2dn,0,
D3dn,0,0,0,
D2dn,0,0,0,
B2gs,0,B2gs,0,
B2gs,0,B2gs,0,
D3gs,0,0,0,
D2gs,0,0,0,
B2vs,0,B2vs,0,
B2vs,0,B2vs,0,
D3vs,0,0,0,
D2vs,0,0,0,
H2tnH3tn,0,0,0,
0,0,0,0,
H2unH3un,0,0,0,
0,0,0,0,
B2dn,0,B2dn,0,
D3dn,0,0,0,
D2dn,0,0,0,
D3dn,0,0,0,
B2gs,0,B2gs,0,
D3gs,0,0,0,
D2gs,0,0,0,
D3gs,0,0,0,
B2vs,0,B2vs,0,
D3vs,0,0,0,
D2vs,0,0,0,
D3vs,0,0,0,
L2tnL3tn,0,0,0,
0,0,0,0,
0,0,0,0,
D3un,0,0,0